total_time,evaluate_children_time,node_select_time,rule_evaluation_time,lower_bound_time,lower_bound_num,objective_time,objective_num,tree_insertion_time,tree_insertion_num,queue_insertion_time,evaluate_children_num,permutation_map_insertion_time,permutation_map_insertion_num,permutation_map_memory,current_lower_bound,tree_min_objective,tree_prefix_length,tree_num_nodes,tree_num_evaluated,tree_memory,queue_size,queue_min_length,queue_memory,pmap_size,pmap_null_num,pmap_discard_num,log_remaining_space_size,prefix_lengths
0,0,0,0,0,0,0,0,0,0,0,0,0,0,0,0,1,0,0,0,0,0,0,0,0,0,0,0,
0,0,0,0,0,0,0,0,0,1,0,0,0,0,0,0,0.342609,0,1,0,0,1,0,0,0,0,0,0,0:1;
0.015,0,0,0,0,4,0,4,0,4,0,0,0.015,3,18,0.01,0.331739,1,4,0,336,3,0,0,3,0,0,0,0:1;1:3;
0.015,0,0,0,0,8,0,8,0,8,0,0,0.015,7,42,0.01,0.265652,1,8,0,784,7,0,0,7,0,0,0,0:1;1:7;
0.015,0.015,0,0.015,0,32,0,32,0,33,0,1,0.015,32,192,0.01,0.265652,1,33,1,3584,32,1,0,32,0,0,0,1:32;
0.015,0.015,0,0.015,0,32,0,32,0,33,0,1,0.015,32,192,0.01,0.265652,1,33,1,3584,32,1,0,32,0,0,0,1:32;
0.078,0.078,0,0.078,0,27896,0,21809,0,8209,0,1000,0.078,17440,275838,0.247826,0.265652,1,7846,720,912016,7144,1,0,6919,536,753,0,1:31;4:4568;5:877;6:954;7:26;
0.125,0.11,0.015,0.11,0,55056,0,37201,0,14767,0,2000,0.094,27122,456231,0.221739,0.265652,1,13932,1284,1645728,12695,1,0,12982,930,854,0,1:31;4:4098;5:6128;6:1571;7:78;
0.187,0.172,0.015,0.157,0.016,82312,0,55447,0.016,21044,0,3000,0.094,39732,688683,0.240435,0.265652,1,19836,1995,2342592,17917,1,0,18390,1653,1000,0,1:31;4:3401;5:11253;6:2060;7:276;8:2;
0.234,0.219,0.015,0.204,0.016,110100,0.015,75691,0.016,24233,0,4000,0.126,53012,929802,0.239565,0.265652,1,22607,2694,2687552,19997,1,0,20954,2102,1176,0,1:31;4:2516;5:13818;6:2314;7:352;8:2;
0.312,0.297,0.015,0.282,0.031,137943,0.015,94431,0.016,25954,0.016,5000,0.173,64287,1134105,0.234348,0.265652,1,23719,3239,2865632,20587,1,0,22122,2511,1320,0,1:31;4:1596;5:15101;6:2461;7:379;8:2;
0.39,0.375,0.015,0.36,0.031,165827,0.015,113479,0.016,26926,0.016,6000,0.251,75846,1343196,0.227391,0.265652,1,23871,3592,2957808,20410,1,0,22630,2831,1464,0,1:31;4:648;5:15658;6:2653;7:395;8:2;
0.453,0.422,0.031,0.391,0.031,193180,0.015,130417,0.016,27734,0.016,7000,0.282,85723,1525104,0.249565,0.265652,1,23638,3831,3021760,19981,1,0,23179,3021,1533,0,1:31;5:15670;6:2928;7:488;8:2;
0.484,0.453,0.031,0.391,0.031,219187,0.015,137902,0.016,28567,0.016,8000,0.282,87778,1569903,0.226522,0.265652,1,23471,4024,3104192,19717,1,0,23999,3034,1533,0,1:31;5:15289;6:2999;7:631;8:2;
0.5,0.453,0.047,0.391,0.031,245306,0.015,145114,0.016,29276,0.016,9000,0.282,89770,1613586,0.235217,0.265652,1,23233,4202,3179008,19385,1,0,24669,3073,1533,0,1:31;5:14844;6:3100;7:686;
0.531,0.484,0.047,0.422,0.046,271426,0.031,152540,0.016,29998,0.016,10000,0.282,91871,1658886,0.26087,0.265652,1,22954,4374,3252592,19042,1,0,25350,3107,1540,0,1:31;5:14376;6:3312;7:650;8:7;
0.547,0.5,0.047,0.438,0.046,297525,0.031,159004,0.016,30589,0.016,11000,0.298,93638,1696932,0.253043,0.265652,1,22603,4547,3316544,18613,1,0,25914,3133,1541,0,1:31;5:13954;6:3332;7:630;8:19;
0.562,0.5,0.062,0.438,0.046,323375,0.031,163368,0.016,30779,0.016,12000,0.298,94634,1718346,0.252609,0.265652,1,21635,4616,3331552,17747,1,0,26083,3152,1543,0,1:31;5:13655;6:2938;7:511;8:19;
0.593,0.516,0.077,0.454,0.046,350022,0.031,172000,0.016,32592,0.016,13000,0.314,97875,1786983,0.263478,0.265652,1,22752,5003,3531584,18533,1,0,27666,3354,1571,0,1:31;5:12856;6:4478;7:553;8:19;
0.625,0.548,0.077,0.486,0.046,376831,0.031,179301,0.016,33602,0.016,14000,0.346,100293,1838103,0.247391,0.265652,1,23025,5298,3643920,18536,1,0,28512,3504,1585,0,1:31;5:11924;6:5363;7:590;8:19;
0.64,0.563,0.077,0.501,0.046,403676,0.031,187256,0.016,34611,0.016,15000,0.346,103091,1897020,0.265217,0.265652,1,23265,5584,3756032,18537,1,0,29328,3681,1601,0,1:31;5:10993;6:6268;7:609;8:19;
0.672,0.563,0.093,0.501,0.046,430407,0.031,194248,0.016,35461,0.016,16000,0.346,105386,1945686,0.256522,0.265652,1,23300,5827,3850448,18380,1,0,29921,3918,1621,0,1:31;5:10114;6:6927;7:657;8:22;
0.703,0.594,0.093,0.532,0.062,457213,0.046,203302,0.016,36484,0.016,17000,0.346,108703,2015526,0.253043,0.265652,1,23577,6123,3964800,18401,1,0,30684,4147,1652,0,1:31;5:9186;6:7825;7:679;8:22;
0.718,0.594,0.108,0.532,0.062,483948,0.046,212231,0.016,37392,0.016,18000,0.346,112083,2087151,0.23913,0.265652,1,23714,6402,4065936,18304,1,0,31243,4463,1685,0,1:31;5:8296;6:8503;7:764;8:22;
0.765,0.641,0.108,0.563,0.093,510679,0.046,222800,0.016,38355,0.016,19000,0.346,116658,2183937,0.244348,0.265652,1,23936,6700,4173344,18263,1,0,31650,4969,1735,0,1:31;5:7426;6:9161;7:886;8:22;
0.797,0.673,0.108,0.595,0.093,537345,0.046,230821,0.016,38812,0.032,20000,0.362,119501,2244294,0.264348,0.265652,1,23461,6874,4220608,17685,1,0,31800,5259,1752,0,1:31;5:6559;6:9414;7:924;8:38;
0.828,0.704,0.108,0.626,0.109,564235,0.046,237855,0.016,38957,0.032,21000,0.377,121490,2286153,0.265217,0.265652,1,22448,6944,4223968,16715,1,0,31883,5316,1757,0,1:31;5:5600;6:9509;7:928;8:38;
0.875,0.751,0.108,0.673,0.109,591173,0.046,245007,0.016,39034,0.032,22000,0.424,123500,2328375,0.237391,0.265652,1,21335,6993,4222960,15706,1,0,31929,5343,1761,0,1:31;5:4616;6:9565;7:929;8:38;
0.906,0.782,0.108,0.704,0.109,618095,0.061,251529,0.016,39120,0.032,23000,0.424,125247,2365155,0.26,0.265652,1,20189,7042,4225088,14725,1,0,31968,5388,1763,0,1:31;5:3637;6:9614;7:943;8:38;
0.953,0.813,0.124,0.735,0.109,644960,0.061,259155,0.016,39258,0.048,24000,0.439,127533,2413347,0.237391,0.265652,1,19079,7101,4235168,13815,1,0,32015,5473,1769,0,1:31;5:2689;6:9673;7:963;8:39;
1.015,0.875,0.124,0.797,0.14,671873,0.061,266814,0.016,39339,0.048,25000,0.47,129735,2459697,0.265217,0.265652,1,17889,7141,4239536,12854,1,0,32051,5513,1774,0,1:31;5:1707;6:9710;7:984;8:39;
1.047,0.907,0.124,0.829,0.156,698788,0.061,274777,0.016,39407,0.048,26000,0.47,132212,2511762,0.246087,0.265652,1,16615,7180,4240544,11863,1,0,32068,5560,1778,0,1:31;5:728;6:9749;7:988;8:39;
1.078,0.938,0.124,0.86,0.156,725194,0.061,280665,0.016,39485,0.048,27000,0.47,133639,2541945,0.264783,0.265652,1,15287,7223,4240432,10862,1,0,32106,5596,1782,0,1:31;6:9662;7:875;8:41;
1.109,0.969,0.124,0.891,0.171,750523,0.061,284112,0.016,39706,0.048,28000,0.47,134162,2554581,0.247391,0.265652,1,14376,7303,4263168,10065,1,0,32295,5626,1784,0,1:31;6:8919;7:845;8:32;9:1;
1.125,0.985,0.124,0.891,0.171,775965,0.061,287175,0.016,39849,0.048,29000,0.47,134631,2565855,0.264783,0.265652,1,13319,7367,4276608,9185,1,0,32415,5648,1785,0,1:31;6:8131;7:774;8:33;9:1;
1.156,1,0.14,0.906,0.171,801359,0.061,290258,0.016,39948,0.048,30000,0.47,135155,2578461,0.240435,0.265652,1,12141,7428,4285568,8265,1,0,32505,5657,1785,0,1:31;6:7345;7:661;8:31;9:1;
1.172,1.016,0.14,0.922,0.171,826872,0.061,293367,0.016,40027,0.048,31000,0.47,135578,2588625,0.25913,0.265652,1,10966,7481,4291056,7314,1,0,32574,5667,1785,0,1:31;6:6484;7:619;8:13;9:1;
1.187,1.031,0.14,0.922,0.171,852438,0.061,296146,0.016,40108,0.048,32000,0.47,135922,2596899,0.264348,0.265652,1,9700,7527,4295200,6351,1,0,32630,5692,1785,0,1:31;6:5633;7:554;8:10;9:1;
1.218,1.062,0.14,0.937,0.171,878010,0.061,299394,0.016,40374,0.048,33000,0.485,136480,2610324,0.247391,0.265652,1,8846,7638,4323648,5605,1,0,32849,5737,1787,0,1:31;6:4770;7:679;8:12;9:1;
1.234,1.062,0.156,0.937,0.171,903755,0.061,303128,0.016,40591,0.048,34000,0.485,137265,2629188,0.243913,0.265652,1,7922,7737,4346384,4808,1,0,32986,5815,1789,0,1:31;6:3802;7:860;8:14;9:1;
1.25,1.078,0.156,0.953,0.171,929473,0.061,307131,0.016,40708,0.048,35000,0.501,138177,2651079,0.24913,0.265652,1,6756,7805,4358256,3914,1,0,33042,5873,1792,0,1:31;6:2828;7:947;8:15;9:1;
1.265,1.078,0.171,0.953,0.171,955207,0.061,310716,0.016,40762,0.048,36000,0.501,138863,2667549,0.263043,0.265652,1,5434,7842,4363744,2963,1,0,33055,5913,1793,0,1:31;6:1851;7:977;8:15;9:1;
1.281,1.094,0.171,0.969,0.171,980962,0.061,314454,0.016,40810,0.048,37000,0.517,139594,2685093,0.264783,0.265652,1,3962,7879,4367552,1997,1,0,33063,5950,1796,0,1:31;6:864;7:1009;8:15;9:1;
1.297,1.11,0.171,0.969,0.171,1006523,0.061,318750,0.016,40828,0.048,38000,0.517,140299,2702019,0.262609,0.265652,1,2133,7892,4362064,948,1,0,33067,5964,1796,0,1:31;7:895;8:11;9:1;
1.312,1.11,0.186,0.969,0.171,1031563,0.061,321038,0.016,41469,0.048,39000,0.517,141362,2715771,0.21913,0.265652,1,786,7943,4432624,578,1,0,33639,5981,1848,0,1:29;2:27;3:416;4:52;5:3;
1.359,1.157,0.186,1.016,0.186,1060075,0.061,330211,0.016,43899,0.064,40000,0.533,146589,2792628,0.24,0.265652,1,2552,8399,4696944,1938,1,0,35744,6165,1989,0,1:28;2:28;3:98;4:1587;5:72;6:2;
1.375,1.173,0.186,1.032,0.186,1086585,0.061,337688,0.016,46070,0.08,41000,0.533,150642,2863401,0.261304,0.265652,1,3854,8770,4937744,3088,1,0,36780,7094,2195,0,1:26;2:80;3:53;4:1836;5:238;6:152;7:21;
1.406,1.204,0.186,1.063,0.186,1112131,0.061,347256,0.016,49496,0.08,42000,0.564,156288,2975049,0.261304,0.265652,1,6466,9151,5313392,5442,1,0,39413,7747,2335,0,1:26;2:78;3:98;4:1839;5:1073;6:1254;7:243;8:2;
1.437,1.235,0.186,1.094,0.186,1137489,0.061,354496,0.016,50617,0.08,43000,0.595,159171,3037623,0.24087,0.265652,1,6738,9413,5433232,5512,1,0,40262,7987,2367,0,1:26;2:78;3:98;4:1839;5:744;6:1520;7:394;8:2;
1.453,1.251,0.186,1.11,0.186,1162844,0.061,360309,0.016,51277,0.096,44000,0.595,161299,3083529,0.257826,0.265652,1,6426,9602,5501216,5119,1,0,40667,8211,2398,0,1:26;2:78;3:98;4:1839;5:436;6:1476;7:375;8:2;
1.468,1.251,0.201,1.11,0.186,1188165,0.061,364512,0.016,51546,0.096,45000,0.595,162429,3108162,0.257826,0.265652,1,5604,9717,5524848,4330,1,0,40838,8296,2411,0,1:26;2:78;3:98;4:1839;5:213;6:1063;7:262;8:7;
1.484,1.267,0.201,1.126,0.186,1213458,0.061,368097,0.016,52261,0.096,46000,0.611,163761,3134475,0.252609,0.265652,1,5145,9827,5602128,4020,1,0,41211,8618,2431,0,1:26;2:78;3:93;4:1921;5:382;6:616;7:145;8:7;
1.5,1.283,0.201,1.142,0.186,1238962,0.061,372629,0.016,52904,0.096,47000,0.627,165357,3169521,0.263043,0.265652,1,4541,9963,5664960,3581,1,0,41336,9127,2440,0,1:26;2:78;3:92;4:1933;5:377;6:263;7:60;8:2;
1.531,1.314,0.201,1.173,0.186,1265342,0.077,378087,0.016,54393,0.096,48000,0.642,168024,3218139,0.261739,0.265652,1,4746,10195,5803168,3815,1,0,42374,9483,2535,0,1:26;2:77;3:88;4:2226;5:488;6:219;7:37;
1.547,1.33,0.201,1.189,0.186,1292041,0.077,385174,0.016,56211,0.096,49000,0.658,171925,3290229,0.257826,0.265652,1,5544,10475,5989760,4481,1,0,43449,10067,2694,0,1:26;2:77;3:58;4:2275;5:1032;6:317;7:10;
1.578,1.346,0.216,1.205,0.186,1319127,0.077,393251,0.016,58013,0.096,50000,0.658,176643,3374826,0.264783,0.265652,1,6437,10797,6180272,5182,1,0,44737,10420,2855,0,1:26;2:77;3:22;4:2257;5:1623;6:375;7:7;
1.593,1.361,0.216,1.22,0.186,1343826,0.077,402505,0.016,60401,0.096,51000,0.673,180542,3457863,0.259565,0.265652,1,8008,11106,6447728,6570,1,0,45538,12001,2861,0,1:26;2:76;3:48;4:2233;5:1749;6:1059;7:353;8:24;
1.625,1.393,0.216,1.252,0.202,1368716,0.077,411932,0.016,61821,0.096,52000,0.689,184590,3547011,0.255652,0.265652,1,8636,11381,6606768,6990,1,0,45995,12964,2861,0,1:26;2:76;3:48;4:2233;5:1494;6:1479;7:571;8:61;
1.64,1.393,0.231,1.252,0.202,1393279,0.077,416955,0.016,62123,0.096,53000,0.689,185707,3574047,0.25913,0.265652,1,7891,11509,6640592,6292,1,0,46158,13103,2861,0,1:26;2:76;3:48;4:2233;5:1494;6:947;7:417;8:48;9:1;
1.656,1.409,0.231,1.268,0.202,1418282,0.077,422480,0.016,62636,0.096,54000,0.705,187257,3610074,0.253043,0.265652,1,7303,11628,6698048,5805,1,0,46476,13296,2863,0,1:26;2:76;3:47;4:2256;5:1554;6:473;7:335;8:31;9:1;
1.672,1.425,0.231,1.284,0.202,1443048,0.077,427979,0.016,63911,0.096,55000,0.705,189379,3655227,0.26087,0.265652,1,7463,11822,6840064,6073,1,0,47412,13620,2878,0,1:26;2:76;3:45;4:2295;5:1627;6:789;7:147;8:14;
1.703,1.456,0.231,1.315,0.202,1468147,0.077,434692,0.016,65954,0.096,56000,0.736,192993,3730446,0.252609,0.265652,1,8594,12085,7066192,7092,1,0,48631,14381,2941,0,1:26;2:76;3:42;4:2324;5:1943;6:1234;7:294;8:4;
1.734,1.471,0.247,1.33,0.202,1493761,0.077,440714,0.016,67268,0.096,57000,0.751,195678,3786090,0.252609,0.265652,1,8996,12332,7210896,7384,1,0,49448,14851,2968,0,1:26;2:76;3:42;4:2292;5:2095;6:1332;7:351;8:7;
1.765,1.502,0.247,1.361,0.218,1519264,0.077,446416,0.016,68421,0.096,58000,0.751,198398,3841821,0.264783,0.265652,1,9146,12547,7333200,7476,1,0,50071,15337,3012,0,1:26;2:76;3:39;4:2303;5:2331;6:1224;7:302;8:11;
1.781,1.518,0.247,1.377,0.218,1545042,0.077,452785,0.016,69230,0.096,59000,0.767,201053,3897564,0.261304,0.265652,1,8967,12741,7418208,7235,1,0,50460,15745,3024,0,1:26;2:76;3:38;4:2301;5:2223;6:1109;7:263;8:14;
1.797,1.534,0.247,1.393,0.218,1570919,0.077,456549,0.016,69771,0.096,60000,0.767,202479,3926430,0.243913,0.265652,1,8361,12862,7473088,6725,1,0,50811,15925,3034,0,1:26;2:76;3:37;4:2295;5:2150;6:807;7:176;8:12;
1.812,1.549,0.247,1.408,0.218,1596990,0.077,462584,0.016,70352,0.096,61000,0.782,205065,3980694,0.263478,0.265652,1,7883,13050,7531664,6248,1,0,51170,16129,3052,0,1:26;2:76;3:36;4:2293;5:1746;6:825;7:133;8:7;
1.828,1.565,0.247,1.424,0.234,1623178,0.077,467488,0.016,71156,0.096,62000,0.782,207340,4025352,0.26,0.265652,1,7582,13208,7618016,6019,1,0,51542,16532,3081,0,1:26;2:76;3:34;4:2265;5:1753;6:674;7:79;8:2;
1.843,1.58,0.247,1.439,0.234,1649912,0.077,472586,0.016,71934,0.111,63000,0.782,209440,4065666,0.243043,0.265652,1,7178,13411,7684544,5613,1,0,52146,16693,3094,0,1:26;2:75;3:54;4:2061;5:1753;6:618;7:81;
1.859,1.596,0.247,1.455,0.25,1676774,0.077,478556,0.016,72932,0.111,64000,0.782,212357,4119078,0.23087,0.265652,1,7072,13602,7780864,5473,1,0,52802,16984,3145,0,1:26;2:74;3:54;4:2104;5:1661;6:601;7:72;
1.89,1.627,0.247,1.486,0.25,1703237,0.077,483099,0.016,73438,0.111,65000,0.813,214379,4158159,0.261739,0.265652,1,6253,13740,7816256,4789,1,0,53144,17136,3157,0,1:26;2:74;3:51;4:2040;5:1461;6:410;7:24;
1.922,1.659,0.247,1.518,0.266,1729589,0.077,490117,0.016,74968,0.111,66000,0.829,217673,4224984,0.240435,0.265652,1,6797,14021,7978656,5239,1,0,53823,17955,3189,0,1:26;2:72;3:91;4:1889;5:1319;6:724;7:244;8:17;
1.937,1.674,0.247,1.533,0.266,1754833,0.077,495095,0.031,75848,0.111,67000,0.829,219511,4263753,0.259565,0.265652,1,6707,14205,8077104,5118,1,0,54208,18428,3211,0,1:26;2:72;3:90;4:1885;5:1475;6:503;7:174;8:9;
1.953,1.69,0.247,1.549,0.266,1780030,0.077,500955,0.031,77369,0.111,68000,0.845,222289,4322166,0.261304,0.265652,1,7269,14444,8247344,5638,1,0,54827,19300,3241,0,1:26;2:72;3:89;4:1880;5:1740;6:826;7:81;8:2;
1.984,1.721,0.247,1.565,0.266,1806020,0.077,506934,0.031,78336,0.111,69000,0.861,224884,4377141,0.253913,0.265652,1,7265,14664,8354304,5593,1,0,55423,19652,3260,0,1:26;2:72;3:88;4:1887;5:1588;6:878;7:125;
2.031,1.768,0.247,1.612,0.266,1831506,0.077,513951,0.031,80105,0.111,70000,0.908,228290,4448913,0.25087,0.265652,1,8165,14947,8552208,6360,1,0,56107,20706,3291,0,1:26;2:72;3:84;4:1937;5:1834;6:1182;7:206;8:1;
2.078,1.799,0.263,1.628,0.266,1857449,0.077,520376,0.031,80935,0.111,71000,0.924,231261,4512957,0.243913,0.265652,1,8044,15152,8642704,6168,1,0,56572,21054,3308,0,1:26;2:72;3:84;4:1932;5:1602;6:1218;7:221;
2.14,1.861,0.263,1.69,0.281,1883493,0.077,526022,0.031,81843,0.111,72000,0.971,233995,4569516,0.259565,0.265652,1,7890,15327,8739696,6034,1,0,57120,21379,3343,0,1:26;2:72;3:81;4:1946;5:1649;6:1056;7:192;
2.172,1.877,0.279,1.69,0.281,1909499,0.077,530996,0.031,82633,0.111,73000,0.971,236390,4618263,0.252609,0.265652,1,7576,15511,8822912,5777,1,0,57587,21680,3365,0,1:26;2:72;3:79;4:1935;5:1684;6:857;7:130;
2.218,1.923,0.279,1.736,0.281,1935605,0.077,536805,0.031,83459,0.111,74000,1.002,239220,4676073,0.204348,0.265652,1,7325,15689,8911616,5569,1,0,57910,22141,3407,0,1:26;2:72;3:79;4:1893;5:1661;6:709;7:86;
2.25,1.939,0.295,1.752,0.297,1961654,0.077,542063,0.031,84225,0.111,75000,1.002,241710,4725189,0.230435,0.265652,1,6796,15850,8985312,5227,1,0,58243,22545,3436,0,1:26;2:71;3:96;4:1908;5:1517;6:444;7:40;
2.281,1.97,0.295,1.783,0.297,1987635,0.077,548152,0.031,85854,0.111,76000,1.033,244866,4786650,0.247391,0.265652,1,7517,16085,9167536,5854,1,0,58951,23430,3472,0,1:26;2:71;3:93;4:1898;5:1941;6:595;7:34;
2.328,2.001,0.311,1.814,0.328,2013889,0.077,554821,0.031,87072,0.111,77000,1.033,248204,4855263,0.25087,0.265652,1,7843,16316,9302608,6060,1,0,59531,24054,3486,0,1:26;2:71;3:90;4:1923;5:1826;6:860;7:51;
2.359,2.032,0.311,1.845,0.343,2040300,0.077,560483,0.031,87903,0.111,78000,1.033,250857,4907268,0.264783,0.265652,1,7634,16469,9391536,5854,1,0,60019,24358,3525,0,1:26;2:71;3:83;4:1968;5:1764;6:679;7:35;
2.406,2.047,0.343,1.86,0.343,2066954,0.077,565975,0.031,89326,0.111,79000,1.048,254028,4962504,0.24,0.265652,1,7887,16671,9538928,6170,1,0,60839,24825,3661,0,1:21;2:185;3:114;4:2208;5:1742;6:496;7:34;
2.437,2.078,0.343,1.891,0.359,2094711,0.077,572360,0.031,90760,0.111,80000,1.063,257549,5021349,0.256522,0.265652,1,8405,16958,9692256,6539,1,0,61770,25245,3744,0,1:17;2:256;3:149;4:1860;5:2113;6:527;7:34;
2.468,2.109,0.343,1.922,0.359,2122004,0.077,578147,0.031,91814,0.111,81000,1.079,260346,5070687,0.253043,0.265652,1,8494,17188,9806496,6559,1,0,62375,25638,3800,0,1:17;2:254;3:175;4:1760;5:2130;6:571;7:34;
2.515,2.156,0.343,1.969,0.374,2149521,0.077,589970,0.031,95659,0.111,82000,1.111,267797,5198343,0.25913,0.265652,1,11603,17628,10234336,9379,1,0,63565,28135,3958,0,1:12;2:316;3:284;4:2510;5:3372;6:838;7:135;
2.547,2.188,0.343,2.001,0.374,2176048,0.093,603735,0.031,98736,0.111,83000,1.127,276610,5364630,0.263043,0.265652,1,14063,18086,10577616,11444,1,0,63798,30895,4042,0,1:12;2:316;3:284;4:2179;5:5285;6:1080;7:304;
2.562,2.203,0.343,2.016,0.389,2202545,0.093,611337,0.031,99575,0.111,84000,1.127,278907,5413524,0.207826,0.265652,1,14030,18306,10670128,11270,1,0,63933,31593,4048,0,1:12;2:316;3:284;4:2179;5:4581;6:1703;7:204;8:14;
2.593,2.234,0.343,2.047,0.389,2229118,0.093,623133,0.031,101476,0.111,85000,1.143,284081,5523264,0.207826,0.265652,1,15323,18745,10881024,12153,1,0,64170,33235,4070,0,1:12;2:316;3:284;4:2179;5:3775;6:3298;7:277;8:31;
2.625,2.266,0.343,2.079,0.389,2255879,0.093,634706,0.031,102875,0.111,86000,1.175,289136,5630064,0.254783,0.265652,1,16077,19140,11035920,12536,1,0,64335,34428,4111,0,1:12;2:316;3:284;4:2179;5:2887;6:4452;7:368;8:32;
2.656,2.281,0.343,2.094,0.389,2282457,0.093,645618,0.031,103398,0.111,87000,1.19,293642,5725293,0.264783,0.265652,1,15591,19322,11086544,11988,1,0,64397,34875,4125,0,1:12;2:316;3:284;4:2179;5:2084;6:4760;7:371;8:33;
2.656,2.281,0.343,2.094,0.389,2307848,0.093,649492,0.031,103643,0.111,88000,1.19,294322,5741697,0.259565,0.265652,1,14736,19424,11113424,11228,1,0,64473,35043,4126,0,1:12;2:316;3:284;4:2179;5:2084;6:4045;7:342;8:21;
2.672,2.297,0.343,2.11,0.389,2333459,0.093,652665,0.031,103766,0.111,89000,1.19,294797,5753133,0.257826,0.265652,1,13664,19483,11125968,10340,1,0,64500,35139,4126,0,1:12;2:316;3:284;4:2179;5:2084;6:3211;7:312;8:8;
2.687,2.312,0.343,2.11,0.389,2359152,0.093,656778,0.031,104042,0.111,90000,1.19,295637,5773305,0.261304,0.265652,1,12760,19602,11154416,9594,1,0,64554,35356,4131,0,1:12;2:316;3:284;4:2179;5:2084;6:2249;7:543;8:10;
2.703,2.328,0.343,2.11,0.389,2384892,0.093,661928,0.031,104252,0.111,91000,1.19,296877,5803095,0.264783,0.265652,1,11737,19698,11175360,8781,1,0,64580,35536,4135,0,1:12;2:316;3:284;4:2179;5:2084;6:1288;7:707;8:13;
2.718,2.328,0.358,2.11,0.389,2410332,0.093,666288,0.031,104332,0.111,92000,1.19,297843,5826330,0.264348,0.265652,1,10356,19740,11181632,7837,1,0,64591,35603,4137,0,1:12;2:316;3:284;4:2179;5:2084;6:577;7:503;8:6;
2.734,2.344,0.358,2.126,0.389,2436549,0.093,670935,0.031,105614,0.111,93000,1.206,300317,5867472,0.208261,0.265652,1,10253,19932,11321632,8087,1,0,65408,35972,4233,0,1:12;2:311;3:347;4:2353;5:2429;6:594;7:34;
2.75,2.36,0.358,2.142,0.389,2446372,0.093,674635,0.031,106692,0.111,93358,1.222,302943,5911590,0.166957,0.264348,4,11012,20066,11440688,8791,1,0,65781,36631,4279,0,1:11;2:324;3:326;4:2783;5:2556;6:619;7:38;
2.75,2.36,0.358,2.142,0.389,2446386,0.093,674649,0.031,106694,0.111,93359,1.222,302958,5911815,0.166957,0.264348,4,11014,20067,11440912,8793,1,0,65781,36633,4279,0,1:11;2:324;3:325;4:2785;5:2556;6:619;7:38;
2.75,2.36,0.358,2.142,0.389,2446386,0.093,674649,0.031,106694,0.111,93359,1.222,302958,5911815,0.166957,0.264348,4,11014,20067,11440912,8793,1,0,65781,36633,4279,0,1:11;2:324;3:325;4:2785;5:2284;6:501;7:32;
2.781,2.391,0.358,2.173,0.389,2463445,0.093,685404,0.031,110315,0.111,94000,1.253,309562,6038337,0.22913,0.264348,4,14335,20438,11845680,11766,1,0,66450,39539,4325,0,1:11;2:324;3:325;4:2578;5:4722;6:1027;7:208;
2.797,2.407,0.358,2.189,0.389,2466713,0.093,688026,0.031,110975,0.111,94120,1.269,311427,6073677,0.18913,0.263913,5,14968,20533,11919600,12305,1,0,66554,40053,4367,0,1:11;2:324;3:325;4:2513;5:5152;6:1067;7:296;
2.797,2.407,0.358,2.189,0.389,2466726,0.093,688039,0.031,110979,0.111,94121,1.269,311441,6073929,0.18913,0.263913,5,14972,20534,11920048,12309,1,0,66554,40057,4367,0,1:11;2:324;3:325;4:2512;5:5156;6:1067;7:296;
2.797,2.407,0.358,2.189,0.389,2466726,0.093,688039,0.031,110979,0.111,94121,1.269,311441,6073929,0.18913,0.263913,5,14972,20534,11920048,12309,1,0,66554,40057,4367,0,1:11;2:324;3:325;4:2355;5:5156;6:1067;7:276;
2.812,2.422,0.358,2.204,0.389,2489337,0.093,697780,0.031,112234,0.111,95000,1.269,316335,6170619,0.263043,0.263913,5,15453,20801,12055456,12639,1,0,66904,40942,4387,0,1:11;2:324;3:325;4:2208;5:5172;6:1470;7:349;
2.828,2.438,0.358,2.22,0.389,2515015,0.109,705138,0.031,112996,0.111,96000,1.269,318431,6216780,0.247826,0.263913,5,15265,21001,12136544,12363,1,0,67211,41395,4389,0,1:11;2:324;3:325;4:2208;5:4869;6:1536;7:328;8:18;
2.859,2.469,0.358,2.236,0.405,2541659,0.109,715855,0.031,114806,0.111,97000,1.269,322812,6309474,0.223478,0.263913,5,16451,21401,12338592,13167,1,0,67741,42656,4408,0,1:11;2:324;3:325;4:2208;5:3981;6:3108;7:426;8:20;
2.89,2.484,0.374,2.251,0.405,2568375,0.109,728243,0.031,116363,0.111,98000,1.269,328039,6420012,0.226957,0.263913,5,17380,21818,12511072,13707,1,0,68083,43816,4463,0,1:11;2:324;3:325;4:2208;5:3110;6:4387;7:512;8:27;
2.906,2.5,0.374,2.267,0.421,2594961,0.109,740311,0.031,116951,0.111,99000,1.269,332879,6522957,0.23913,0.263913,5,17016,21995,12573008,13260,1,0,68177,44294,4479,0,1:11;2:324;3:325;4:2208;5:2284;6:4677;7:570;8:76;
2.922,2.516,0.374,2.283,0.437,2620128,0.109,744987,0.031,117188,0.111,100000,1.269,333926,6547344,0.263043,0.263913,5,16162,22087,12598544,12488,1,0,68266,44441,4480,0,1:11;2:324;3:325;4:2208;5:2216;6:4070;7:518;8:37;9:2;
2.953,2.547,0.374,2.314,0.437,2645415,0.125,748510,0.031,117318,0.111,101000,1.284,334476,6560607,0.252609,0.263913,5,15094,22147,12610304,11593,1,0,68322,44515,4480,0,1:11;2:324;3:325;4:2208;5:2216;6:3354;7:374;8:27;9:2;
2.968,2.562,0.374,2.314,0.437,2670950,0.125,752697,0.031,117585,0.111,102000,1.284,335278,6579885,0.259565,0.263913,5,14220,22260,12637520,10836,1,0,68420,44680,4484,0,1:11;2:324;3:325;4:2208;5:2216;6:2509;7:486;8:23;9:2;
2.968,2.562,0.374,2.314,0.437,2696662,0.125,757719,0.031,117798,0.111,103000,1.284,336363,6606006,0.261304,0.263913,5,13264,22363,12660592,10042,1,0,68461,44849,4487,0,1:11;2:324;3:325;4:2208;5:2216;6:1557;7:641;8:30;9:2;
2.984,2.578,0.374,2.33,0.453,2722337,0.125,763006,0.031,117887,0.111,104000,1.284,337814,6640845,0.25087,0.263913,5,11990,22417,12666976,9099,1,0,68472,44927,4487,0,1:11;2:324;3:325;4:2208;5:2216;6:583;7:703;8:31;9:2;
3,2.594,0.374,2.346,0.469,2747601,0.125,766220,0.031,118391,0.111,105000,1.284,338988,6661509,0.243043,0.263913,5,10832,22505,12721520,8586,1,0,68737,45117,4536,0,1:11;2:322;3:349;4:2289;5:2328;6:501;7:28;
3.015,2.609,0.374,2.361,0.469,2775331,0.125,771946,0.031,119425,0.111,106000,1.299,341988,6709260,0.261739,0.263913,5,10728,22716,12822208,8485,1,0,69239,45533,4652,0,1:4;2:365;3:404;4:2273;5:2087;6:513;7:28;
3.047,2.641,0.374,2.393,0.485,2802665,0.125,780373,0.031,121490,0.111,107000,1.315,346905,6793944,0.263478,0.263913,5,11869,23041,13045872,9482,1,0,70132,46553,4804,0,1:2;2:370;3:404;4:2382;5:2677;6:526;7:28;
3.062,2.656,0.374,2.408,0.485,2829619,0.125,785321,0.031,122463,0.111,108000,1.33,349031,6834501,0.206522,0.263913,5,11854,23252,13152048,9430,1,0,70758,46879,4825,0,1:2;2:368;3:450;4:2194;5:2591;6:684;7:28;
3.078,2.672,0.374,2.424,0.485,2856639,0.125,791221,0.031,123444,0.111,109000,1.346,352202,6890319,0.26,0.263913,5,11833,23467,13259792,9392,1,0,71382,47213,4848,0,1:2;2:367;3:421;4:2426;5:2442;6:587;7:29;
3.093,2.687,0.374,2.439,0.5,2883820,0.125,795987,0.031,123782,0.111,110000,1.346,354188,6927651,0.244783,0.263913,5,10848,23604,13272784,8508,2,0,71621,47295,4865,0,2:367;3:440;4:2141;5:1999;6:619;7:29;
3.125,2.719,0.374,2.471,0.516,2910935,0.125,801971,0.031,124891,0.111,111000,1.346,357501,6983535,0.261739,0.263913,5,10747,23830,13372240,8396,2,0,72295,47663,4932,0,2:356;3:512;4:2214;5:2092;6:443;7:19;
3.14,2.734,0.374,2.486,0.531,2938326,0.125,806904,0.031,125373,0.111,112000,1.346,359783,7025922,0.256957,0.263913,5,10013,24000,13401920,7661,2,0,72657,47773,4942,0,2:356;3:512;4:1732;5:2022;6:467;7:19;
3.172,2.766,0.374,2.518,0.547,2965413,0.125,811364,0.031,126007,0.111,113000,1.362,361996,7063242,0.223913,0.263913,5,8985,24136,13414464,6773,2,0,73132,47894,4980,0,2:337;3:563;4:1794;5:1641;6:367;7:3;
3.203,2.797,0.374,2.549,0.562,2992839,0.125,817258,0.031,126977,0.111,114000,1.378,365363,7120107,0.246957,0.263913,5,8351,24338,13461728,6195,2,0,73879,48093,5004,0,2:329;3:578;4:1891;5:1582;6:267;7:1;
3.218,2.797,0.389,2.549,0.562,3020104,0.125,821815,0.031,127643,0.111,115000,1.378,367760,7160454,0.256957,0.263913,5,7626,24501,13505744,5588,2,0,74402,48207,5033,0,2:320;3:602;4:1817;5:1383;6:161;7:1;
3.234,2.813,0.389,2.565,0.562,3047402,0.125,825722,0.031,128073,0.111,116000,1.394,369580,7191531,0.236087,0.263913,5,6364,24622,13501040,4546,2,0,74721,48291,5060,0,2:315;3:576;4:1722;5:987;6:87;7:1;
3.25,2.829,0.389,2.581,0.562,3074801,0.125,832421,0.031,129203,0.111,117000,1.41,373094,7252779,0.259565,0.263913,5,5915,24871,13552336,4004,2,0,75366,48729,5107,0,2:305;3:663;4:1548;5:1137;6:110;
3.265,2.844,0.389,2.596,0.562,3101916,0.125,838706,0.031,130914,0.111,118000,1.425,376618,7311918,0.261304,0.263913,5,6651,25120,13740832,4687,2,0,76266,49458,5189,0,2:275;3:1086;4:1644;5:1242;6:88;
3.297,2.876,0.389,2.628,0.578,3128501,0.125,844377,0.031,132291,0.111,119000,1.441,379382,7366029,0.254783,0.263913,5,7102,25356,13893152,5047,2,0,77090,49984,5216,0,2:275;3:1081;4:1662;5:1403;6:251;7:7;
3.328,2.907,0.389,2.659,0.578,3155177,0.14,849849,0.031,133377,0.111,120000,1.457,382188,7418700,0.221739,0.263913,5,7215,25556,14014000,5126,2,0,77542,50594,5240,0,2:265;3:1188;4:1683;5:1361;6:219;7:17;
3.343,2.907,0.404,2.659,0.578,3181948,0.14,855599,0.031,134265,0.111,121000,1.457,384780,7468131,0.256087,0.263913,5,7091,25761,14113232,5012,2,0,77772,51238,5254,0,2:265;3:1181;4:1654;5:1342;6:160;7:6;
3.375,2.939,0.404,2.675,0.594,3208167,0.14,861730,0.031,135955,0.111,122000,1.457,387918,7528104,0.257391,0.263913,5,7889,26025,14302176,5699,2,0,78421,52232,5301,0,2:255;3:1324;4:1719;5:1565;6:306;7:39;8:6;
3.39,2.954,0.404,2.675,0.594,3233881,0.14,868605,0.031,137427,0.111,123000,1.457,391353,7600005,0.247826,0.263913,5,8489,26304,14466592,6167,2,0,78794,53318,5314,0,2:255;3:1322;4:1715;5:1796;6:500;7:76;8:1;
3.406,2.97,0.404,2.691,0.594,3259931,0.14,873768,0.031,138394,0.111,124000,1.473,393683,7647243,0.257826,0.263913,5,8446,26512,14574560,6131,2,0,79172,53895,5326,0,2:255;3:1319;4:1750;5:1783;6:455;7:53;
3.422,2.986,0.404,2.707,0.594,3286119,0.14,879863,0.031,139469,0.111,125000,1.489,396854,7711281,0.256087,0.263913,5,8582,26760,14694400,6201,2,0,79558,54567,5343,0,2:255;3:1317;4:1742;5:1792;6:512;7:39;
3.453,3.017,0.404,2.738,0.609,3312476,0.14,885278,0.031,140161,0.111,126000,1.489,399345,7761018,0.251304,0.263913,5,8243,26954,14770672,5882,2,0,79864,54939,5357,0,2:255;3:1316;4:1704;5:1629;6:405;7:25;
3.453,3.017,0.404,2.738,0.609,3339002,0.14,889809,0.031,140757,0.111,127000,1.489,401497,7802619,0.254348,0.263913,5,7637,27097,14835184,5458,2,0,80187,55200,5369,0,2:255;3:1311;4:1711;5:1415;6:211;7:6;
3.484,3.033,0.404,2.754,0.609,3366037,0.14,895748,0.031,142371,0.111,128000,1.505,404916,7861713,0.26,0.263913,5,8312,27333,15014384,6058,2,0,81092,55826,5452,0,2:236;3:1500;4:1804;5:1622;6:212;7:6;
3.5,3.049,0.404,2.77,0.625,3393186,0.14,901624,0.031,143582,0.111,129000,1.505,408362,7921008,0.23087,0.263913,5,8566,27543,15148112,6252,2,0,81600,56425,5556,0,2:221;3:1631;4:1806;5:1568;6:218;7:6;
3.515,3.064,0.404,2.785,0.625,3420317,0.14,907389,0.031,144885,0.111,130000,1.52,411241,7970805,0.263478,0.263913,5,8898,27751,15292144,6538,2,0,82201,57058,5625,0,2:205;3:1757;4:1829;5:1627;6:219;7:6;
3.547,3.096,0.404,2.817,0.625,3447400,0.14,913272,0.031,146060,0.111,131000,1.552,414361,8025504,0.218696,0.263913,5,9078,27949,15422624,6703,2,0,82712,57675,5672,0,2:194;3:1837;4:1879;5:1612;6:217;7:6;
3.562,3.096,0.419,2.817,0.625,3474780,0.14,920561,0.031,147657,0.111,132000,1.552,418517,8094234,0.259565,0.263913,5,9708,28228,15600144,7288,2,0,83261,58590,5805,0,2:159;3:2050;4:1862;5:1845;6:213;7:6;
3.578,3.112,0.419,2.833,0.625,3501362,0.14,926466,0.031,148567,0.111,133000,1.568,421371,8149656,0.263043,0.263913,5,9631,28462,15699936,7179,2,0,83482,59259,5825,0,2:159;3:2044;4:1870;5:1677;6:257;7:8;
3.593,3.127,0.419,2.848,0.625,3528430,0.155,932790,0.031,149921,0.111,134000,1.568,424867,8211927,0.247826,0.263913,5,10025,28687,15850688,7525,2,0,84071,59950,5899,0,2:153;3:2069;4:1948;5:1863;6:235;7:7;
3.625,3.159,0.419,2.88,0.625,3555377,0.155,939529,0.031,151213,0.111,135000,1.584,428632,8281014,0.254783,0.263913,5,10370,28926,15994160,7806,2,0,84314,60954,5944,0,2:147;3:2088;4:1979;5:1984;6:268;7:7;
3.64,3.174,0.419,2.895,0.64,3582423,0.155,945626,0.031,152414,0.111,136000,1.584,431923,8337870,0.257391,0.263913,5,10562,29149,16127552,7997,2,0,84672,61669,6072,0,2:128;3:2183;4:2000;5:1900;6:261;7:10;
3.672,3.206,0.419,2.927,0.656,3609436,0.155,952233,0.031,153532,0.111,137000,1.6,435343,8397762,0.247826,0.263913,5,10722,29383,16252096,8109,2,0,84928,62438,6165,0,2:108;3:2247;4:1944;5:1933;6:235;7:7;
3.687,3.221,0.419,2.942,0.656,3636454,0.155,959258,0.031,154676,0.111,138000,1.615,438652,8456967,0.237826,0.263913,5,10877,29605,16378096,8234,2,0,85149,63286,6240,0,2:95;3:2278;4:1964;5:1936;6:238;7:7;
3.703,3.237,0.419,2.958,0.656,3663238,0.155,966179,0.031,155807,0.111,139000,1.631,442306,8523954,0.256522,0.263913,5,10995,29838,16503088,8350,2,0,85316,64192,6298,0,2:78;3:2319;4:1984;5:1962;6:228;7:7;
3.734,3.268,0.419,2.989,0.656,3690403,0.155,973479,0.031,157080,0.111,140000,1.662,446557,8598057,0.258261,0.263913,5,11289,30113,16644880,8616,2,0,85560,65098,6421,0,2:61;3:2344;4:1995;5:1967;6:219;7:7;
3.75,3.284,0.419,3.005,0.656,3717966,0.155,980800,0.031,158336,0.111,141000,1.662,451045,8669694,0.26,0.263913,5,11586,30363,16784768,8865,2,0,85755,66018,6562,0,2:16;3:2386;4:2010;5:2007;6:213;7:7;
3.781,3.315,0.419,3.036,0.687,3745204,0.155,984706,0.031,158680,0.111,142000,1.662,452997,8702928,0.263043,0.263913,5,10328,30465,16784096,7859,3,0,85882,66179,6618,0,3:2389;4:1830;5:1512;6:187;7:7;
3.797,3.331,0.419,3.052,0.703,3772682,0.155,989677,0.031,159210,0.111,143000,1.662,455403,8745465,0.26,0.263913,5,9544,30584,16822512,7202,3,0,86202,66379,6628,0,3:2226;4:1727;5:1328;6:150;7:4;
3.812,3.346,0.419,3.052,0.703,3800149,0.155,994850,0.031,159827,0.111,144000,1.662,458112,8792979,0.244348,0.263913,5,8630,30740,16847824,6428,3,0,86567,66607,6652,0,3:2103;4:1616;5:1177;6:127;7:3;
3.828,3.346,0.435,3.052,0.703,3827549,0.155,999807,0.031,160403,0.111,145000,1.662,460597,8839017,0.187826,0.263913,5,7904,30875,16886800,5776,3,0,86850,66881,6671,0,3:2073;4:1229;5:1125;6:150;7:2;
3.843,3.361,0.435,3.067,0.703,3854771,0.155,1004924,0.031,161106,0.111,146000,1.677,463344,8888382,0.237826,0.263913,5,7361,31031,16950192,5342,3,0,87132,67273,6700,0,3:1968;4:1205;5:939;6:134;
3.859,3.377,0.435,3.083,0.703,3882280,0.155,1010049,0.031,161731,0.111,147000,1.693,466048,8935407,0.256522,0.263913,5,6545,31169,16987264,4673,3,0,87525,67483,6722,0,3:1856;4:1105;5:793;6:94;
3.875,3.393,0.435,3.099,0.703,3909743,0.155,1014891,0.031,162320,0.111,148000,1.709,468718,8982117,0.263913,0.263913,5,5586,31317,17009888,3875,3,0,87946,67634,6739,0,3:1778;4:937;5:628;6:77;
3.922,3.44,0.435,3.146,0.719,3937806,0.155,1024327,0.031,164673,0.111,149000,1.74,474875,9079515,0.253478,0.263913,5,7119,31723,17260992,5117,3,0,89747,68113,6812,0,3:1371;4:2515;5:735;6:79;
3.953,3.471,0.435,3.177,0.719,3965974,0.155,1035025,0.031,166411,0.111,150000,1.771,482155,9193506,0.247826,0.263913,5,8105,32156,17445120,5761,3,0,90595,68827,6988,0,3:887;4:3478;5:813;6:80;
3.984,3.486,0.451,3.192,0.719,3994064,0.155,1045291,0.031,167614,0.111,151000,1.786,489053,9301359,0.254783,0.263913,5,8453,32514,17570000,5876,3,0,90872,69588,7153,0,3:433;4:3922;5:857;6:80;
4.015,3.517,0.451,3.223,0.75,4022042,0.155,1055365,0.031,168611,0.111,152000,1.786,495835,9408807,0.251304,0.263913,5,8492,32789,17672144,5788,3,0,91011,70303,7296,0,3:23;4:4104;5:929;6:86;
4.031,3.533,0.451,3.239,0.766,4049359,0.155,1059705,0.031,168918,0.111,153000,1.786,498065,9449625,0.255217,0.263913,5,7528,32922,17695104,4993,4,0,91197,70413,7307,0,4:3700;5:707;6:31;
4.047,3.549,0.451,3.255,0.782,4076778,0.155,1064299,0.031,169184,0.111,154000,1.786,500337,9491508,0.223913,0.263913,5,6538,33066,17714480,4166,4,0,91341,70527,7315,0,4:3224;5:459;6:13;
4.062,3.564,0.451,3.27,0.797,4104367,0.155,1067828,0.031,169349,0.111,155000,1.786,501985,9521550,0.248261,0.263913,5,5360,33150,17721088,3225,4,0,91445,70584,7319,0,4:2589;5:262;6:6;
4.078,3.58,0.451,3.286,0.797,4132309,0.155,1072367,0.031,169570,0.111,156000,1.786,504175,9560997,0.246522,0.263913,5,4392,33273,17728704,2293,4,0,91600,70644,7325,0,4:1628;5:438;6:6;
4.109,3.611,0.451,3.317,0.797,4160248,0.17,1077144,0.031,169686,0.111,157000,1.802,506457,9602181,0.243043,0.263913,5,3203,33336,17728592,1292,4,0,91622,70730,7333,0,4:678;5:493;6:9;
4.125,3.627,0.451,3.333,0.797,4187905,0.17,1081069,0.031,169729,0.111,158000,1.818,508331,9636087,0.261739,0.263913,5,1544,33369,17721760,231,5,0,91626,70767,7335,0,5:217;6:4;
4.125,3.627,0.451,3.333,0.797,4193867,0.17,1081358,0.031,169729,0.111,158221,1.818,508408,9637704,0.254783,0.263913,5,1011,33369,17720640,0,0,0,91626,70767,7335,0,
4.125,3.627,0.451,3.333,0.797,4193867,0.17,1081358,0.031,169729,0.111,158221,1.818,508408,9637704,0.254783,0.263913,5,1011,33369,17720640,0,0,0,91626,70767,7335,0,
4.14,3.627,0.451,3.333,0.797,4193867,0.17,1081358,0.031,169729,0.111,158221,1.818,508408,9637704,0.254783,0.263913,5,1011,33369,17720640,0,0,0,91626,70767,7335,0,
